   3.0369924e-04
  -2.8287478e-04
  -3.7535999e-04
  -2.4743806e-04
   3.2563073e-04
   1.2707104e-04
  -4.4383401e-04
  -2.0530382e-04
   3.1346695e-04
   3.3698735e-04
  -1.7161565e-04
  -5.5449994e-04
   3.9429067e-05
   7.1593611e-04
   9.9325734e-05
  -7.5909935e-04
  -3.1106944e-04
   6.9457892e-04
   5.9913433e-04
  -5.6456123e-04
  -8.9806598e-04
   3.7569839e-04
   1.1278763e-03
  -1.0146513e-04
  -1.2465107e-03
  -2.7096015e-04
   1.2497046e-03
   7.0685360e-04
  -1.1370762e-03
  -1.1381036e-03
   8.9573636e-04
   1.4976972e-03
  -5.1347409e-04
  -1.7425763e-03
   8.0710396e-06
   1.8440299e-03
   5.6976859e-04
  -1.7786923e-03
  -1.1489363e-03
   1.5276513e-03
   1.6615055e-03
  -1.0924339e-03
  -2.0513021e-03
   5.0647315e-04
   2.2714920e-03
   1.7015552e-04
  -2.2860725e-03
  -8.6290065e-04
   2.0775832e-03
   1.4961491e-03
  -1.6565891e-03
  -2.0018368e-03
   1.0655659e-03
   2.3233202e-03
  -3.7103233e-04
  -2.4214234e-03
  -3.4818114e-04
   2.2834171e-03
   1.0112957e-03
  -1.9292427e-03
  -1.5448117e-03
   1.4083097e-03
   1.8919365e-03
  -7.9224273e-04
  -2.0196556e-03
   1.6315541e-04
   1.9263373e-03
   3.9752079e-04
  -1.6435649e-03
  -8.2120236e-04
   1.2311575e-03
   1.0610280e-03
  -7.6666489e-04
  -1.0999725e-03
   3.3361677e-04
   9.5658704e-04
  -8.1859308e-06
  -6.8149261e-04
  -1.5366356e-04
   3.4914524e-04
   1.2578367e-04
  -4.6788657e-05
   8.1662631e-05
  -1.4099599e-04
  -4.2138212e-04
   1.4752503e-04
   8.1593532e-04
   6.4171997e-05
  -1.1680813e-03
  -4.9164784e-04
   1.3773975e-03
   1.0896646e-03
  -1.3577694e-03
  -1.7749628e-03
   1.0521461e-03
   2.4350292e-03
  -4.4611315e-04
  -2.9459374e-03
  -4.2523051e-04
   3.1910689e-03
   1.4785670e-03
  -3.0796816e-03
  -2.5899626e-03
   2.5655841e-03
   3.6116942e-03
  -1.6570751e-03
  -4.3917533e-03
   4.2130815e-04
   4.7970375e-03
   1.0207832e-03
  -4.7357176e-03
  -2.5093015e-03
   4.1721924e-03
   3.8644244e-03
  -3.1379817e-03
  -4.9137469e-03
   1.7300825e-03
   5.5161633e-03
  -1.0115538e-04
  -5.5847830e-03
  -1.5602188e-03
   5.1023700e-03
   3.0561211e-03
  -4.1258898e-03
  -4.2066380e-03
   2.7823588e-03
   4.8794737e-03
  -1.2499972e-03
  -5.0088184e-03
  -2.6519627e-04
   4.6095255e-03
   1.5622582e-03
  -3.7752407e-03
  -2.4753407e-03
   2.6671312e-03
   2.9030037e-03
  -1.4885660e-03
  -2.8253006e-03
   4.5427443e-04
   2.3113595e-03
   2.4656299e-04
  -1.5108524e-03
  -4.8346640e-04
   6.3306401e-04
   2.1125397e-04
   8.6035471e-05
   5.1641161e-04
  -4.2351299e-04
  -1.5477513e-03
   2.1015214e-04
   2.6505142e-03
   6.3453332e-04
  -3.5443955e-03
  -2.0786600e-03
   3.9440622e-03
   3.9695391e-03
  -3.6073730e-03
  -6.0447355e-03
   2.3809178e-03
   7.9613400e-03
  -2.3682791e-04
  -9.3407655e-03
  -2.7061588e-03
   9.8231982e-03
   6.1818079e-03
  -9.1256492e-03
  -9.7984847e-03
   7.0934620e-03
   1.3079981e-02
  -3.7394513e-03
  -1.5524421e-02
  -7.3860475e-04
   1.6671381e-02
   5.9637352e-03
  -1.6169947e-02
  -1.1411656e-02
   1.3837563e-02
   1.6465123e-02
  -9.7009861e-03
  -2.0485528e-02
   4.0126763e-03
   2.2892830e-02
   2.7612899e-03
  -2.3244038e-02
  -9.9819558e-03
   2.1299127e-02
   1.6903150e-02
  -1.7064986e-02
  -2.2754698e-02
   1.0811855e-02
   2.6834246e-02
  -3.0566494e-03
  -2.8594095e-02
  -5.4842293e-03
   2.7714036e-02
   1.3969334e-02
  -2.4149551e-02
  -2.1524665e-02
   1.8147914e-02
   2.7342716e-02
  -1.0230309e-02
  -3.0777630e-02
   1.1396824e-03
   3.1422415e-02
   8.2376274e-03
  -2.9160531e-02
  -1.6969638e-02
   2.4182960e-02
   2.4182960e-02
  -1.6969638e-02
  -2.9160531e-02
   8.2376274e-03
   3.1422415e-02
   1.1396824e-03
  -3.0777630e-02
  -1.0230309e-02
   2.7342716e-02
   1.8147914e-02
  -2.1524665e-02
  -2.4149551e-02
   1.3969334e-02
   2.7714036e-02
  -5.4842293e-03
  -2.8594095e-02
  -3.0566494e-03
   2.6834246e-02
   1.0811855e-02
  -2.2754698e-02
  -1.7064986e-02
   1.6903150e-02
   2.1299127e-02
  -9.9819558e-03
  -2.3244038e-02
   2.7612899e-03
   2.2892830e-02
   4.0126763e-03
  -2.0485528e-02
  -9.7009861e-03
   1.6465123e-02
   1.3837563e-02
  -1.1411656e-02
  -1.6169947e-02
   5.9637352e-03
   1.6671381e-02
  -7.3860475e-04
  -1.5524421e-02
  -3.7394513e-03
   1.3079981e-02
   7.0934620e-03
  -9.7984847e-03
  -9.1256492e-03
   6.1818079e-03
   9.8231982e-03
  -2.7061588e-03
  -9.3407655e-03
  -2.3682791e-04
   7.9613400e-03
   2.3809178e-03
  -6.0447355e-03
  -3.6073730e-03
   3.9695391e-03
   3.9440622e-03
  -2.0786600e-03
  -3.5443955e-03
   6.3453332e-04
   2.6505142e-03
   2.1015214e-04
  -1.5477513e-03
  -4.2351299e-04
   5.1641161e-04
   8.6035471e-05
   2.1125397e-04
   6.3306401e-04
  -4.8346640e-04
  -1.5108524e-03
   2.4656299e-04
   2.3113595e-03
   4.5427443e-04
  -2.8253006e-03
  -1.4885660e-03
   2.9030037e-03
   2.6671312e-03
  -2.4753407e-03
  -3.7752407e-03
   1.5622582e-03
   4.6095255e-03
  -2.6519627e-04
  -5.0088184e-03
  -1.2499972e-03
   4.8794737e-03
   2.7823588e-03
  -4.2066380e-03
  -4.1258898e-03
   3.0561211e-03
   5.1023700e-03
  -1.5602188e-03
  -5.5847830e-03
  -1.0115538e-04
   5.5161633e-03
   1.7300825e-03
  -4.9137469e-03
  -3.1379817e-03
   3.8644244e-03
   4.1721924e-03
  -2.5093015e-03
  -4.7357176e-03
   1.0207832e-03
   4.7970375e-03
   4.2130815e-04
  -4.3917533e-03
  -1.6570751e-03
   3.6116942e-03
   2.5655841e-03
  -2.5899626e-03
  -3.0796816e-03
   1.4785670e-03
   3.1910689e-03
  -4.2523051e-04
  -2.9459374e-03
  -4.4611315e-04
   2.4350292e-03
   1.0521461e-03
  -1.7749628e-03
  -1.3577694e-03
   1.0896646e-03
   1.3773975e-03
  -4.9164784e-04
  -1.1680813e-03
   6.4171997e-05
   8.1593532e-04
   1.4752503e-04
  -4.2138212e-04
  -1.4099599e-04
   8.1662631e-05
  -4.6788657e-05
   1.2578367e-04
   3.4914524e-04
  -1.5366356e-04
  -6.8149261e-04
  -8.1859308e-06
   9.5658704e-04
   3.3361677e-04
  -1.0999725e-03
  -7.6666489e-04
   1.0610280e-03
   1.2311575e-03
  -8.2120236e-04
  -1.6435649e-03
   3.9752079e-04
   1.9263373e-03
   1.6315541e-04
  -2.0196556e-03
  -7.9224273e-04
   1.8919365e-03
   1.4083097e-03
  -1.5448117e-03
  -1.9292427e-03
   1.0112957e-03
   2.2834171e-03
  -3.4818114e-04
  -2.4214234e-03
  -3.7103233e-04
   2.3233202e-03
   1.0655659e-03
  -2.0018368e-03
  -1.6565891e-03
   1.4961491e-03
   2.0775832e-03
  -8.6290065e-04
  -2.2860725e-03
   1.7015552e-04
   2.2714920e-03
   5.0647315e-04
  -2.0513021e-03
  -1.0924339e-03
   1.6615055e-03
   1.5276513e-03
  -1.1489363e-03
  -1.7786923e-03
   5.6976859e-04
   1.8440299e-03
   8.0710396e-06
  -1.7425763e-03
  -5.1347409e-04
   1.4976972e-03
   8.9573636e-04
  -1.1381036e-03
  -1.1370762e-03
   7.0685360e-04
   1.2497046e-03
  -2.7096015e-04
  -1.2465107e-03
  -1.0146513e-04
   1.1278763e-03
   3.7569839e-04
  -8.9806598e-04
  -5.6456123e-04
   5.9913433e-04
   6.9457892e-04
  -3.1106944e-04
  -7.5909935e-04
   9.9325734e-05
   7.1593611e-04
   3.9429067e-05
  -5.5449994e-04
  -1.7161565e-04
   3.3698735e-04
   3.1346695e-04
  -2.0530382e-04
  -4.4383401e-04
   1.2707104e-04
   3.2563073e-04
  -2.4743806e-04
  -3.7535999e-04
  -2.8287478e-04
   3.0369924e-04
